79.55 12.38 27.11 36.31 40.87 53.12 19.27 76.31 50.81 43.84 
26.02 14.72 9.22 62.34 96.17 6.58 51.02 4.66 13.81 79.88 
98.47 50.26 13.92 29.4 38.46 11.08 3.98 55.11 28.04 92.88 
21.38 78.87 60.73 20.72 61.79 86.14 40.95 42.14 96.87 40.29 
78.81 78.72 38.48 21.41 41.86 41.48 19.95 64.51 76.74 81.48 
58.03 86.97 70.59 4.8 3.42 54.15 75.48 27.38 98.29 40.72 
5.59 88 65.57 31.79 2.41 58.56 12.59 28.45 20.97 48.28 
98.5 21.79 90.04 65.98 78.07 91.44 92.51 78.39 30.12 77.07 
36.27 93.9 33.9 14.27 71.38 59.69 96.18 77.99 12.16 27.37 
64.18 41.52 86.86 57.75 66.04 22.03 90.23 68.55 31.35 15.48 
